000217
000363
000557
000754
000796
000825
000850
000879
000933
000946
000954
000995
001116
001121
001123
001165
001174
001191
001204
001217
001284
001301
001307
001326
001328
001330
001332
001337
001338
001347
001356
001375
001376
001379
001380
001381
001385
001388
001393
001400
001406
001407
001423
001425
001446
001454
001467
001489
001503
001504
001505
001510
001515
001523
001559
001567
001572
001580
001602
001608
001610
001634
001636
001654
001665
001676
001687
001711
001724
001727
001762
001770
001775
001792
001823
001834
001844
001865
001902
001904
001908
001928
001943
001966
001997
001998
002004
002010
002016
002017
002019
002024
002026
002028
002029
002035
002036
002043
002051
002055
002056
002058
002059
002060
002068
002071
002072
002075
002079
002080
002082
002084
002088
002091
002096
002106
002112
002117
002144
002147
002157
002158
002162
002163
002164
002165
002166
002170
002172
002178
002186
002192
002196
002207
002217
002228
002232
002233
002262
002322
002323
002326
002328
002360
002364
002390
002399
002414
002416
002417
002418
002425
002431
002435
002451
002454
002457
002462
002485
002496
002503
002505
002513
002515
002533
002536
002544
002553
002555
002559
002580
002582
002599
002611
002615
002617
002619
002629
002631
002658
002663
002665
002667
002682
002686
002691
002718
002729
002731
002771
002774
002777
002784
002790
002793
002814
002820
002923
002935
002963
003027
003029
003031
003045
003063
003096
003106
003116
003118
003120
003127
003143
003153
003170
003183
003235
003242
003283
003305
003320
003344
003346
003374
003380
003412
003433
003435
003447
003485
003494
003496
003503
003512
003550
003562
003587
003592
003595
003602
003604
003642
003685
003693
003714
003735
003750
003755
003806
003843
003846
003849
003851
003855
003858
003862
003878
003887
003890
003913
003939
003951
003962
003967
003981
004006
004009
004011
004051
004082
004084
004092
004130
004132
004143
004145
004150
004176
004221
004226
004228
004231
004232
004233
004234
004235
004236
004237
004253
004259
004271
004280
004302
004315
004317
004360
004362
004375
004391
004406
004435
004454
004455
004497
004510
004522
004559
004561
004569
004605
004609
004618
004635
004636
004675
004676
004721
004725
004727
004735
004740
004747
004748
004757
004764
004783
004819
004853
004889
004901
004914
004933
004937
004947
004948
004966
004989
005006
005015
005040
005044
005050
005083
005110
005111
005118
005141
005143
005157
005170
005178
005187
005198
005206
005207
005216
005219
005222
005232
005245
005261
005263
005266
005297
005342
005344
005353
165527
168107
210011
501040
501042
519022
519157
519173
519176
519177
519221
519223
519228
519611
519614
519617
519620
519624
519626
519628
519630
519641
519653
519657
519665
519759
519760
519761
519769
519771
519960
519962
550016
673043
673073
673083